K: 7.579620558170224740e+02 0.000000000000000000e+00 6.214800046622190166e+02 0.000000000000000000e+00 7.521494750193049867e+02 4.180390589511553685e+02 0.000000000000000000e+00 0.000000000000000000e+00 1.000000000000000000e+00
T: -1.915496375577324384e-01 4.222481055105066494e-02 9.805742204063033762e-01 4.637163841704101119e-01 -9.812729548788442502e-01 -2.890367946461754739e-02 -1.904415010882593851e-01 -2.253289604198342455e-01 2.030084665338143662e-02 -9.986899632455181752e-01 4.697055394416124047e-02 -2.205562511193918940e-01
